mapreduce.reduce.shuffle.input.buffer.percent   mapreduce.job.name  dfs.replication mapreduce.job.reduces   mapreduce.tasktracker.reduce.tasks.maximum  mapreduce.job.maps  mapreduce.task.io.sort.factor   mapreduce.task.io.sort.mb   dfs.blocksize   mapreduce.reduce.shuffle.parallelcopies mapreduce.reduce.shuffle.merge.percent  mapreduce.tasktracker.map.tasks.maximum mapreduce.map.sort.spill.percent    NumberOfTest    Time
0.7 TeraGen 3   0   2   800 10  100 134217728   5   0.66    2   0.8 12_1    451
0.7 TeraSort    1   60  2   800 10  100 134217728   5   0.66    2   0.8 12_2    890
0.7 TeraSort    1   60  2   800 10  150 134217728   5   0.66    2   0.8 12_3    889
0.7 TeraSort    1   60  2   800 10  200 134217728   5   0.66    2   0.8 12_4    797
0.7 TeraSort    1   60  2   800 10  250 134217728   5   0.66    2   0.8 12_5    818
0.7 TeraSort    1   60  2   800 5   100 134217728   5   0.66    2   0.8 12_6    923
0.7 TeraSort    1   60  2   800 10  100 134217728   5   0.66    2   0.8 12_7    895
0.7 TeraSort    1   60  2   800 15  100 134217728   5   0.66    2   0.8 12_8    878
0.7 TeraSort    1   60  2   800 20  100 134217728   5   0.66    2   0.8 12_9    883
0.7 TeraSort    1   60  2   800 25  100 134217728   5   0.66    2   0.8 12_10   890
0.7 TeraSort    1   60  2   800 10  100 134217728   5   0.66    2   0.8 12_11   888
0.7 TeraSort    1   60  4   800 10  100 134217728   5   0.66    2   0.8 12_12   870
0.7 TeraSort    1   60  6   800 10  100 134217728   5   0.66    2   0.8 12_13   901
0.7 TeraSort    1   60  8   800 10  100 134217728   5   0.66    2   0.8 12_14   914
0.7 TeraSort    1   60  10  800 10  100 134217728   5   0.66    2   0.8 12_15   898
0.7 TeraSort    1   60  2   800 10  100 134217728   5   0.66    6   0.8 12_16   884
0.7 TeraGen 3   0   2   10  10  100 134217728   5   0.66    2   0.8 14_2    58
0.7 TeraSort    1   1   2   80  10  100 134217728   5   0.66    2   0.8 14_4    588
0.7 TeraGen 3   0   2   10  10  100 1000000000  5   0.66    2   0.8 14_5    66
0.7 TeraGen 3   0   2   2   10  100 1000000000  5   0.66    2   0.8 14_6    89
0.7 TeraGen 3   0   2   10  10  100 1000000000  5   0.66    2   0.8 14_8    77
0.7 TeraSort    1   1   2   10  10  100 134217728   5   0.66    2   0.8 14_9    433
0.7 TeraGen 3   0   2   1   10  100 1000000000  5   0.66    1   0.8 14_10   19
0.7 TeraGen 3   0   2   1   10  100 2000000000  5   0.66    1   0.8 14_12   298
0.7 TeraSort    1   1   2   10  10  100 134217728   5   0.66    2   0.8 14_14   879
0.7 TeraGen 3   0   2   400 10  100 134217728   5   0.66    2   0.8 14_15   237
0.7 TeraSort    1   1   2   400 10  100 134217728   5   0.66    2   0.8 14_16   3006
0.7 TeraGen 3   0   2   1   10  100 2000000000  5   0.66    1   0.8 14_18   37
0.7 TeraGen 3   0   2   400 10  100 134217728   5   0.66    2   0.8 14_19   233
0.7 TeraGen 3   0   2   1600    10  100 32000000    5   0.66    2   0.8 14_29   452
0.7 TeraSort    1   1   2   1600    10  100 134217728   5   0.66    2   0.8 14_30   3408
0.7 TeraSort    1   9   2   1   10  100 134217728   5   0.66    2   0.8 15_32   192
0.7 TeraSort    1   9   2   1   10  100 134217728   5   0.66    2   0.8 15_33   204
0.7 TeraSort    1   1   2   1600    2   100 134217728   5   0.66    2   0.8 15_34   8729
0.7 TeraSort    1   1   2   1600    2   100 134217728   5   0.66    2   0.8 15_35   9072
0.7 TeraSort    1   1   2   1600    10  100 134217728   5   0.66    2   0.8 15_36   3426
0.7 TeraSort    1   1   2   1600    10  100 134217728   5   0.66    2   0.8 15_37   3300
0.7 TeraSort    1   1   2   1600    64  100 134217728   5   0.66    2   0.8 15_38   3508
0.7 TeraSort    1   1   2   1600    64  100 134217728   5   0.66    2   0.8 15_39   3469
0.7 TeraSort    1   9   2   1   10  100 134217728   5   0.66    2   0.8 15_40   196
0.7 TeraSort    1   9   2   1   10  100 134217728   5   0.66    2   0.8 15_41   202
0.7 TeraSort    1   9   2   1   10  100 134217728   5   0.66    2   0.8 15_42   197
0.7 TeraSort    1   9   2   1   10  100 134217728   5   0.66    2   0.8 15_43   200
0.7 TeraSort    1   9   2   1   10  100 134217728   5   0.66    2   0.8 15_44   198
0.7 TeraSort    1   9   2   1   10  100 134217728   5   0.66    2   0.8 15_45   199
0.7 TeraSort    1   1   2   1600    10  100 134217728   5   0.66    2   0.8 15_46   3328
0.7 TeraSort    1   1   2   1600    10  100 134217728   5   0.66    2   0.8 15_48   3000
0.7 TeraSort    1   1   2   1600    10  100 134217728   5   0.66    2   0.8 15_50   3348
0.7 TeraSort    1   9   2   1   10  100 134217728   5   0.66    2   0.1 15_52   183
0.7 TeraSort    1   9   2   1   10  100 134217728   5   0.66    2   0.1 15_53   179
0.7 TeraSort    1   9   2   1   10  100 134217728   5   0.66    2   0.3 15_54   189
0.7 TeraSort    1   9   2   1   10  100 134217728   5   0.66    2   0.3 15_55   184
0.7 TeraSort    1   9   2   1   10  100 134217728   5   0.66    2   0.8 15_56   196
0.7 TeraSort    1   9   2   1   10  100 134217728   5   0.66    2   0.8 15_57   191
0.1 TeraSort    1   1   2   1600    10  100 134217728   5   0.66    2   0.8 15_58   5082
0.1 TeraSort    1   1   2   1600    10  100 134217728   5   0.66    2   0.8 15_59   5072
0.3 TeraSort    1   1   2   1600    10  100 134217728   5   0.66    2   0.8 15_60   4182
0.3 TeraSort    1   1   2   1600    10  100 134217728   5   0.66    2   0.8 15_61   3723
0.8 TeraSort    1   1   2   1600    10  100 134217728   5   0.66    2   0.8 15_62   3232
0.8 TeraSort    1   1   2   1600    10  100 134217728   5   0.66    2   0.8 15_63   3099
0.7 TeraSort    1   1   2   1600    10  100 134217728   5   0.3 2   0.8 15_66   3676
0.7 TeraSort    1   1   2   1600    10  100 134217728   5   0.3 2   0.8 15_67   3687
0.7 TeraSort    1   1   2   1600    10  100 134217728   5   0.8 2   0.8 16_68   3259
0.7 TeraSort    1   1   2   1600    10  100 134217728   5   0.8 2   0.8 16_69   3237
0.7 TeraSort    1   1   2   1600    10  100 134217728   1   0.66    2   0.8 16_70   3452
0.7 TeraSort    1   1   2   1600    10  100 134217728   1   0.66    2   0.8 16_71   3512
0.7 TeraSort    1   1   2   1600    10  100 134217728   3   0.66    2   0.8 16_72   3444
0.7 TeraSort    1   1   2   1600    10  100 134217728   3   0.66    2   0.8 16_73   3415
0.7 TeraSort    1   1   2   1600    10  100 134217728   20  0.66    2   0.8 16_74   3229
0.7 TeraSort    1   1   2   1600    10  100 134217728   20  0.66    2   0.8 16_75   3418
0.7 TeraSort    1   9   2   1   10  20  134217728   5   0.66    2   0.8 16_76   231
0.7 TeraSort    1   9   2   1   10  20  134217728   5   0.66    2   0.8 16_77   206
0.7 TeraSort    1   9   2   1   10  100 134217728   5   0.66    2   0.8 16_78   198
0.7 TeraSort    1   9   2   1   10  100 134217728   5   0.66    2   0.8 16_79   190
0.7 TeraSort    1   9   2   1   10  500 134217728   5   0.66    2   0.8 16_80   165
0.7 TeraSort    1   9   2   1   10  500 134217728   5   0.66    2   0.8 16_81   166
0.7 TeraSort    1   9   2   1   10  100 134217728   5   0.66    2   0.8 16_82   189
0.7 TeraSort    1   9   2   1   10  100 134217728   5   0.66    2   0.8 16_83   197
0.7 TeraSort    1   9   2   1   10  100 134217728   5   0.66    2   0.8 16_84   188
0.7 TeraSort    1   9   2   1   10  100 134217728   5   0.66    2   0.8 16_85   189
0.7 TeraSort    1   9   2   1   10  100 134217728   5   0.66    2   0.8 16_86   201
0.7 TeraSort    1   9   2   1   10  100 134217728   5   0.66    2   0.8 16_87   201
0.7 TeraSort    1   1   2   1600    10  100 134217728   5   0.66    2   0.8 17_88   3312
0.7 TeraSort    1   1   2   1600    10  100 134217728   5   0.66    2   0.8 17_89   3110
0.7 TeraSort    1   1   2   1600    10  100 134217728   5   0.66    2   0.8 17_90   3418
0.7 TeraSort    1   1   2   1600    10  100 134217728   5   0.66    2   0.8 17_91   3403
0.7 TeraSort    1   1   2   1600    10  100 134217728   5   0.66    2   0.8 17_92   3352
0.7 TeraSort    1   1   2   1600    10  100 134217728   5   0.66    2   0.8 17_93   3580
